MSE: 69.23092346509277
MAE: 7.663656552632649
EV: 0.3400707088576109 

