Loss: [1.1605297327041626, 0.8618974089622498, 0.6463834047317505, 0.5039256811141968, 0.42547693848609924, 0.37788379192352295, 0.334335595369339, 0.295699805021286, 0.26715943217277527, 0.24374231696128845, 0.22229303419589996, 0.2032361924648285, 0.18816575407981873, 0.17761145532131195, 0.1702413558959961, 0.1669723391532898, 0.16616763174533844, 0.16400238871574402, 0.15807653963565826, 0.14760108292102814, 0.13471049070358276, 0.12357854098081589, 0.11462146788835526, 0.10778147727251053, 0.10250761359930038, 0.09633073955774307, 0.08851024508476257, 0.0811341181397438, 0.07687249034643173, 0.0748579278588295] 
Val_loss: [1.055914282798767, 0.8594064116477966, 0.7396891713142395, 0.6659703850746155, 0.5977800488471985, 0.5482363104820251, 0.5016050934791565, 0.4607965052127838, 0.4275822937488556, 0.3906579911708832, 0.3501985967159271, 0.30759772658348083, 0.2638936936855316, 0.221263587474823, 0.18214625120162964, 0.1501859426498413, 0.12624411284923553, 0.11044662445783615, 0.10375354439020157, 0.10414838790893555, 0.11061844229698181, 0.1177719235420227, 0.12350528687238693, 0.12471010535955429, 0.11904963105916977, 0.10731998831033707, 0.09185110777616501, 0.07393427193164825, 0.059071656316518784, 0.05040154978632927]

