MSE: 42.285973616247226
MAE: 5.558875997861226
EV: -0.23426812210252024 

MSE: 144.84305757906793
MAE: 11.21996533870697
EV: -10.627922335366966 

MSE: 234.56316871106554
MAE: 15.114619345500552
EV: -2.790361417527981 

MSE: 316.6072800215982
MAE: 17.57622130818922
EV: -3.765495829023661 

