MSE: 42.285973616247226
MAE: 5.558875997861226
EV: -0.23426812210252024 

