Loss: [0.41733014583587646, 0.24210049211978912, 0.14066675305366516, 0.10819561779499054, 0.12206041812896729, 0.12539921700954437, 0.10397160798311234, 0.08290024101734161, 0.06661473214626312, 0.0613066591322422, 0.0626048892736435, 0.06139400228857994, 0.05389871448278427, 0.04397831857204437, 0.037524592131376266, 0.03672228753566742, 0.03686949238181114, 0.03286401927471161, 0.02633436769247055, 0.022877158597111702, 0.023466886952519417, 0.023685531690716743, 0.020846087485551834, 0.01755015179514885, 0.017339887097477913, 0.018393706530332565, 0.016252310946583748, 0.013886931352317333, 0.013806676492094994, 0.013599160127341747] 
Val_loss: [0.5482119917869568, 0.43151333928108215, 0.3221381902694702, 0.22766900062561035, 0.17348425090312958, 0.1577012687921524, 0.16920237243175507, 0.19701386988162994, 0.22758175432682037, 0.24481220543384552, 0.2432355135679245, 0.22388626635074615, 0.19160331785678864, 0.15481482446193695, 0.1229543685913086, 0.1015441045165062, 0.09203308820724487, 0.09260576218366623, 0.09851870685815811, 0.10214807838201523, 0.09727362543344498, 0.08324822038412094, 0.06477201730012894, 0.04794953390955925, 0.039203543215990067, 0.039968956261873245, 0.047713518142700195, 0.0566353015601635, 0.06223344802856445, 0.06217023357748985]

