Loss: [0.9558508396148682, 0.6573038697242737, 0.5290429592132568, 0.4664301872253418, 0.4206676185131073, 0.38728848099708557, 0.3584615886211395, 0.3360738158226013, 0.31814810633659363, 0.30127066373825073, 0.28502416610717773, 0.26858437061309814, 0.2507082223892212, 0.23139072954654694, 0.2106429487466812, 0.18938519060611725, 0.16712690889835358, 0.14490580558776855, 0.12409176677465439, 0.10621604323387146, 0.09265326708555222, 0.08496157824993134, 0.08415845781564713, 0.08891105651855469, 0.09438188374042511, 0.09532856941223145, 0.09142406284809113, 0.08806723356246948, 0.08350370079278946, 0.079020656645298] 
Val_loss: [0.029256610199809074, 0.02034318633377552, 0.0167852733284235, 0.014660563319921494, 0.012730543501675129, 0.010813514702022076, 0.009066403843462467, 0.007679430302232504, 0.006442358251661062, 0.005262242630124092, 0.004133457783609629, 0.0030899078119546175, 0.002142519922927022, 0.0012596972519531846, 0.0005700517795048654, 0.00019276067905593663, 0.0003120322653558105, 0.0010192005429416895, 0.0024123755283653736, 0.004867144860327244, 0.008356972597539425, 0.012213884852826595, 0.015690742060542107, 0.017585046589374542, 0.017598548904061317, 0.015901917591691017, 0.013129100203514099, 0.010117202065885067, 0.007341679185628891, 0.005185109097510576]

