MSE: 14.372507319929582
MAE: 3.608950694402059
EV: 0.3098259690733012 

