MSE: 84.77447161225977
MAE: 7.952646414438884
EV: -0.43457770842237475 

