Loss: [0.10678107291460037, 0.053197454661130905, 0.05817148834466934, 0.0588558167219162, 0.048733338713645935, 0.042754802852869034, 0.04167765751481056, 0.042392875999212265, 0.04164939746260643, 0.03919687867164612, 0.0355047807097435, 0.032062239944934845, 0.02977403812110424, 0.02849251590669155, 0.027032727375626564, 0.024480272084474564, 0.02119145542383194, 0.018650971353054047, 0.017509503290057182, 0.01658385805785656, 0.014625600539147854, 0.012580567970871925, 0.01135347317904234, 0.010968858376145363, 0.010623583570122719, 0.009569316171109676, 0.00843305978924036, 0.007795198354870081, 0.007076486479490995, 0.005923440679907799] 
Val_loss: [0.09745081514120102, 0.056397635489702225, 0.04498869180679321, 0.046629633754491806, 0.051394760608673096, 0.0583677738904953, 0.06284741312265396, 0.06302040070295334, 0.05939901992678642, 0.05286281928420067, 0.044830504804849625, 0.0372052825987339, 0.03107413649559021, 0.027664631605148315, 0.027068665251135826, 0.028043685480952263, 0.02970649115741253, 0.0306414645165205, 0.029819630086421967, 0.026741718873381615, 0.022395305335521698, 0.018197476863861084, 0.015234948135912418, 0.013599428348243237, 0.01334784273058176, 0.013947154395282269, 0.01482387911528349, 0.015251632779836655, 0.014908148907124996, 0.014189315028488636]

