MSE: 16.395476269469565
MAE: 3.4445143540700287
EV: -0.07840430130843523 

