Loss: [0.7473737597465515, 0.4694567918777466, 0.34812691807746887, 0.3030099868774414, 0.2791159451007843, 0.25141337513923645, 0.22540684044361115, 0.20458287000656128, 0.1853504180908203, 0.16674739122390747, 0.14898037910461426, 0.1326121985912323, 0.1175689771771431, 0.1039566695690155, 0.09120450168848038, 0.07916455715894699, 0.06809578090906143, 0.05809128284454346, 0.04955124482512474, 0.0427950881421566, 0.03843887895345688, 0.036776699125766754, 0.03772462531924248, 0.040721602737903595, 0.04425085335969925, 0.04654962196946144, 0.0466289259493351, 0.044683121144771576, 0.04179532825946808, 0.038775499910116196] 
Val_loss: [0.008230333216488361, 0.0015989231178537011, 0.0005581022123806179, 0.00015345883730333298, 3.047196332772728e-05, 0.0001347413781331852, 0.0004693324153777212, 0.0009209662675857544, 0.0015334375202655792, 0.002401449019089341, 0.0035220554564148188, 0.004999024793505669, 0.006839240435510874, 0.009075372479856014, 0.011794939637184143, 0.014992374926805496, 0.01886042021214962, 0.023548701778054237, 0.02915562503039837, 0.03568936139345169, 0.0431729219853878, 0.05102255567908287, 0.058403726667165756, 0.06423112004995346, 0.06758793443441391, 0.06765555590391159, 0.06510321795940399, 0.06051185727119446, 0.05527288094162941, 0.050132110714912415]

