Loss: [0.18956786394119263, 0.10023918002843857, 0.11081457138061523, 0.09583935886621475, 0.06984753161668777, 0.060960911214351654, 0.06407404690980911, 0.06157930940389633, 0.05134310573339462, 0.041030172258615494, 0.036350592970848083, 0.03590475767850876, 0.034801602363586426, 0.03072313778102398, 0.024916736409068108, 0.020142659544944763, 0.01789812743663788, 0.017114730551838875, 0.014997326768934727, 0.011603355407714844, 0.009224724024534225, 0.008545173332095146, 0.008342970162630081, 0.006896645296365023, 0.004949668422341347, 0.004419705364853144, 0.004413364455103874, 0.0033158501610159874, 0.0024290902074426413, 0.002637286903336644] 
Val_loss: [0.04977133497595787, 0.07364527136087418, 0.0618932731449604, 0.039318304508924484, 0.020774316042661667, 0.01169604528695345, 0.008730812929570675, 0.009322633035480976, 0.011940171010792255, 0.015590422786772251, 0.01887025311589241, 0.019570976495742798, 0.017297139391303062, 0.013251037336885929, 0.009144189767539501, 0.006812820676714182, 0.005839915480464697, 0.005648550111800432, 0.005487879738211632, 0.005492434371262789, 0.005641444120556116, 0.00556563027203083, 0.005069120321422815, 0.004623629152774811, 0.004829415585845709, 0.004936488810926676, 0.004489377606660128, 0.003987561911344528, 0.003883369266986847, 0.0038702685851603746]

