MSE: 13.980979441065196
MAE: 3.227552652359009
EV: -0.25170129263521446 

