Loss: [0.6728048920631409, 0.5523893237113953, 0.47388821840286255, 0.40986302495002747, 0.3586546778678894, 0.3143201470375061, 0.2723948657512665, 0.2347625344991684, 0.20505943894386292, 0.18624606728553772, 0.18037010729312897, 0.18441413342952728, 0.19100895524024963, 0.1920430213212967, 0.1845904290676117, 0.17101655900478363, 0.15706267952919006, 0.14867644011974335, 0.14402088522911072, 0.14099834859371185, 0.1377759575843811, 0.13375309109687805, 0.1268286108970642, 0.1177206039428711, 0.1105523332953453, 0.10586090385913849, 0.10309560596942902, 0.09903852641582489, 0.09304496645927429, 0.08698629587888718] 
Val_loss: [0.888592541217804, 0.8327798247337341, 0.7776837348937988, 0.7247303128242493, 0.6734914779663086, 0.622282087802887, 0.5615082383155823, 0.4927329123020172, 0.4303126335144043, 0.3715193569660187, 0.31574273109436035, 0.27304863929748535, 0.24772346019744873, 0.23580799996852875, 0.23935799300670624, 0.25560203194618225, 0.27267399430274963, 0.28472766280174255, 0.2889747619628906, 0.2838272750377655, 0.2692684829235077, 0.24543601274490356, 0.2174983024597168, 0.1870705634355545, 0.15807735919952393, 0.13353024423122406, 0.11595088243484497, 0.10482718795537949, 0.09904768317937851, 0.0944250226020813]

