MSE: 18.32282017858658
MAE: 3.611769358317057
EV: -0.6466007506724192 

