MSE: 18.32282017858658
MAE: 3.611769358317057
EV: -0.6466007506724192 

MSE: 26.631737639802157
MAE: 4.58042504570701
EV: 0.03562828851959243 

MSE: 11.717848906907452
MAE: 2.6445155965870826
EV: -0.7893632286425238 

MSE: 11.151801411548023
MAE: 2.675320395107927
EV: -0.5392217793662692 

