MSE: 66.8031051514579
MAE: 7.49844245115916
EV: -2.651737632951085 

