Loss: [0.41679847240448, 0.27510204911231995, 0.1917690634727478, 0.13634799420833588, 0.1154835969209671, 0.10667946189641953, 0.08538934588432312, 0.06768708676099777, 0.05983157455921173, 0.049605414271354675, 0.03508034721016884, 0.024994878098368645, 0.021346265450119972, 0.016785653308033943, 0.011527524329721928, 0.011937611736357212, 0.014538564719259739, 0.014044428244233131, 0.014391877688467503, 0.015593821182847023, 0.013331666588783264, 0.01108149066567421, 0.010562991723418236, 0.00861786212772131, 0.006812805309891701, 0.007299012970179319, 0.007154097780585289, 0.0063162255100905895, 0.006604603957384825, 0.00645420653745532] 
Val_loss: [0.3714938163757324, 0.23707115650177002, 0.12829940021038055, 0.05793825909495354, 0.029564281925559044, 0.03073786199092865, 0.055295977741479874, 0.07553856074810028, 0.07769767940044403, 0.06378472596406937, 0.04563254117965698, 0.03405064716935158, 0.03537668287754059, 0.04977216199040413, 0.07112491130828857, 0.083533376455307, 0.077701635658741, 0.06288953870534897, 0.05453456565737724, 0.059160638600587845, 0.07178487628698349, 0.0781761184334755, 0.07088988274335861, 0.05452381446957588, 0.04117554798722267, 0.038271475583314896, 0.043742626905441284, 0.04981785640120506, 0.04852304980158806, 0.03914649784564972]

