MSE: 33.08796191803966
MAE: 4.440049886703491
EV: -0.059386554979324435 

