MSE: 33.08796191803966
MAE: 4.440049886703491
EV: -0.059386554979324435 

MSE: 44.091616192716465
MAE: 6.303083896636963
EV: 0.1117555034575427 

MSE: 29.070921503101886
MAE: 4.476991110834582
EV: -0.1803276491502377 

MSE: 29.111054513601285
MAE: 4.560044683259109
EV: -0.3387689230850701 

