Loss: [0.66193026304245, 0.5139291882514954, 0.41087448596954346, 0.31168267130851746, 0.21949711441993713, 0.1379288136959076, 0.08330808579921722, 0.0696849375963211, 0.09326016157865524, 0.11122744530439377, 0.09557840973138809, 0.06825060397386551, 0.05580607429146767, 0.06182235851883888, 0.06972076743841171, 0.0677795261144638, 0.05749804899096489, 0.04591243341565132, 0.04057244211435318, 0.0420001782476902, 0.04474638029932976, 0.04254736378788948, 0.03559459373354912, 0.029002850875258446, 0.02672465518116951, 0.02743891067802906, 0.028093457221984863, 0.02625373750925064, 0.022819679230451584, 0.020076526328921318] 
Val_loss: [0.6667240262031555, 0.6099640727043152, 0.5365280508995056, 0.4571487009525299, 0.36288729310035706, 0.26632317900657654, 0.18138615787029266, 0.11779811978340149, 0.0896085798740387, 0.09088657051324844, 0.1139560341835022, 0.15090365707874298, 0.18699322640895844, 0.20365853607654572, 0.19637610018253326, 0.17104624211788177, 0.13969413936138153, 0.10872591286897659, 0.08465846627950668, 0.07064218819141388, 0.06621505320072174, 0.0691516175866127, 0.07738935202360153, 0.08766207098960876, 0.09558841586112976, 0.09761342406272888, 0.09249364584684372, 0.08269091695547104, 0.07069376856088638, 0.059726063162088394]

