Loss: [0.15834540128707886, 0.10091409087181091, 0.0918331891298294, 0.08536910265684128, 0.07246857136487961, 0.06288835406303406, 0.05704817920923233, 0.05139728635549545, 0.043291155248880386, 0.036347001791000366, 0.03251161798834801, 0.02949429117143154, 0.025130951777100563, 0.021923743188381195, 0.020880043506622314, 0.0194679144769907, 0.01750950515270233, 0.017526598647236824, 0.017874758690595627, 0.016695037484169006, 0.016173826530575752, 0.015896134078502655, 0.014476990327239037, 0.013564575463533401, 0.013497639447450638, 0.012817800045013428, 0.01117311418056488, 0.010884393937885761, 0.010068974457681179, 0.009065693244338036] 
Val_loss: [0.05177059769630432, 0.03408147394657135, 0.02941429801285267, 0.03239418938755989, 0.036468952894210815, 0.039915431290864944, 0.039049215614795685, 0.033988192677497864, 0.027524610981345177, 0.02223232388496399, 0.020406827330589294, 0.021324098110198975, 0.0236666202545166, 0.025342097505927086, 0.024306485429406166, 0.02066779136657715, 0.016632860526442528, 0.014423028565943241, 0.014269579201936722, 0.01491189282387495, 0.01471156720072031, 0.013148647733032703, 0.011289532296359539, 0.010310284793376923, 0.010548785328865051, 0.012404750101268291, 0.01451035961508751, 0.015421032905578613, 0.014867127873003483, 0.01499642338603735]

