MSE: 46.31501698378239
MAE: 5.8120198249816895
EV: -0.13783027258925196 

MSE: 37.05837181483032
MAE: 5.118788784200495
EV: -0.16845694056116467 

MSE: 55.72026110625548
MAE: 5.7760474147467775
EV: -0.4891635978968092 

MSE: 131.5414437602944
MAE: 9.920540415007492
EV: -2.0584636566878096 

