MSE: 46.31501698378239
MAE: 5.8120198249816895
EV: -0.13783027258925196 

