MSE: 3.9551657550184776
MAE: 1.3744994158260724
EV: 0.9225727616752005