MSE: 3.88888365860115
MAE: 1.371846036256982
EV: 0.9236105805764577