Loss: [0.1402701437473297, 0.05644349381327629, 0.045213282108306885, 0.04017888009548187, 0.03651098906993866, 0.03523355722427368, 0.033734411001205444, 0.03196105360984802, 0.03168226778507233, 0.03147713467478752, 0.029971128329634666, 0.029780080541968346, 0.02999734692275524, 0.029248660430312157, 0.02938440628349781] 
Val_loss: [0.09033109247684479, 0.07413950562477112, 0.05719572678208351, 0.055549826472997665, 0.05079401284456253, 0.047991059720516205, 0.0441073402762413, 0.04349247366189957, 0.04391462355852127, 0.04199083894491196, 0.04673321917653084, 0.040548115968704224, 0.04076201096177101, 0.040956053882837296, 0.04175826907157898]