Loss: [0.12472166121006012, 0.05142229422926903, 0.04286257550120354, 0.03823145478963852, 0.03606478497385979, 0.034269437193870544, 0.03348737582564354, 0.031911641359329224, 0.030967585742473602, 0.03148733824491501, 0.029557330533862114, 0.02964480221271515, 0.030071508139371872, 0.02897537499666214, 0.028799036517739296] 
Val_loss: [0.08318189531564713, 0.07128981500864029, 0.05704639106988907, 0.06015144661068916, 0.05137347802519798, 0.048575859516859055, 0.04720618948340416, 0.04426231607794762, 0.04235891252756119, 0.04357215017080307, 0.04080428183078766, 0.0425470732152462, 0.05258330702781677, 0.04016398265957832, 0.03932017832994461]