MSE: 116.10690799919159
MAE: 9.64414389928182
EV: -0.872661142916884 

