Loss: [0.42249631881713867, 0.17470932006835938, 0.07184755802154541, 0.059012483805418015, 0.07722891122102737, 0.08526735752820969, 0.07465500384569168, 0.05839120224118233, 0.04771513119339943, 0.044641852378845215, 0.04541833698749542, 0.04525879770517349, 0.04210381209850311, 0.03651668131351471, 0.029651278629899025, 0.02362796664237976, 0.02083677053451538, 0.02126423269510269, 0.022159738466143608, 0.020799973979592323, 0.01727612316608429, 0.013963883742690086, 0.01189851388335228, 0.011326778680086136, 0.011468803510069847, 0.011189511977136135, 0.010186641477048397, 0.008906024508178234, 0.008133993484079838, 0.008187162689864635] 
Val_loss: [0.004204222932457924, 0.013187761418521404, 0.03670140728354454, 0.05888614058494568, 0.06561315059661865, 0.060219328850507736, 0.04806385561823845, 0.0346975140273571, 0.02380940318107605, 0.0165542084723711, 0.012347203679382801, 0.010309828445315361, 0.009413390420377254, 0.009024638682603836, 0.008856027387082577, 0.008748490363359451, 0.008351659402251244, 0.00754364812746644, 0.006268458440899849, 0.004761910997331142, 0.0034546013921499252, 0.002390241250395775, 0.0016230717301368713, 0.0012158966856077313, 0.0009509164956398308, 0.0007896231836639345, 0.0007021147757768631, 0.0006361774285323918, 0.0005826567066833377, 0.0005417647771537304]

