MSE: 19.825899417915565
MAE: 3.560753802458445
EV: 0.18817177997730317 

