MSE: 19.825899417915565
MAE: 3.560753802458445
EV: 0.18817177997730317 

MSE: 77.49560647090777
MAE: 7.5384491277350625
EV: 0.06866663967816944 

MSE: 37.071992590832764
MAE: 5.257611159620614
EV: 0.100587377603366 

MSE: 44.679719991713924
MAE: 5.472784547970213
EV: -0.4852010380842575 

