Loss: [0.563162624835968, 0.36592066287994385, 0.250142902135849, 0.20665588974952698, 0.1818622648715973, 0.15833263099193573, 0.1330430656671524, 0.10273726284503937, 0.07240310311317444, 0.0469062477350235, 0.030475657433271408, 0.02872983179986477, 0.038917168974876404, 0.048551980406045914, 0.04872981086373329, 0.04063739255070686, 0.031220538541674614, 0.02503945678472519, 0.021968286484479904, 0.022133855149149895, 0.023167265579104424, 0.024201523512601852, 0.024783343076705933, 0.024483414366841316, 0.023340143263339996, 0.02174832671880722, 0.020058970898389816, 0.018682243302464485, 0.01795678772032261, 0.01786266267299652] 
Val_loss: [0.09449375420808792, 0.06377025693655014, 0.0427648089826107, 0.027689047157764435, 0.017866916954517365, 0.010773144662380219, 0.005351827014237642, 0.00169711047783494, 0.00034634897019714117, 0.0023872186429798603, 0.00827742088586092, 0.016596196219325066, 0.02290423959493637, 0.023895060643553734, 0.020171942189335823, 0.014236842282116413, 0.00877678394317627, 0.005793238524347544, 0.0037247149739414454, 0.0024317132774740458, 0.001755706500262022, 0.0014727007364854217, 0.001394247286953032, 0.0014561861753463745, 0.0016554825706407428, 0.0019993856549263, 0.002497117267921567, 0.0031096080783754587, 0.0037812888622283936, 0.004371355287730694]

