MSE: 3.5772103308650003
MAE: 1.5271312395731609
EV: -1.4528180686390981 

