MSE: 3.5772103308650003
MAE: 1.5271312395731609
EV: -1.4528180686390981 

MSE: 89.37009487555675
MAE: 9.03629784150557
EV: -0.05220102520617509 

MSE: 28.20063337455646
MAE: 4.747356205150999
EV: -2.8006262187450974 

MSE: 25.905752665122957
MAE: 4.256903418179216
EV: -0.6410127714173544 

