Loss: [0.7987613677978516, 0.5748435854911804, 0.44100266695022583, 0.35463619232177734, 0.2843526303768158, 0.23002809286117554, 0.20177355408668518, 0.19936464726924896, 0.20914925634860992, 0.21382635831832886, 0.2041943222284317, 0.18541766703128815, 0.1695944219827652, 0.16172216832637787, 0.15786372125148773, 0.15198945999145508, 0.14035345613956451, 0.12536130845546722, 0.11111286282539368, 0.10033588111400604, 0.09411577880382538, 0.0883026048541069, 0.07851739972829819, 0.06697462499141693, 0.05820716544985771, 0.0546104796230793, 0.05143964663147926, 0.04628980532288551, 0.040848370641469955, 0.03707227110862732] 
Val_loss: [0.8597186207771301, 0.7556392550468445, 0.6700468063354492, 0.5916027426719666, 0.5104144215583801, 0.42001739144325256, 0.3296569287776947, 0.2625466585159302, 0.22198951244354248, 0.2084663361310959, 0.21449224650859833, 0.23645555973052979, 0.26120316982269287, 0.2805943787097931, 0.2805585563182831, 0.26136860251426697, 0.22587700188159943, 0.18264621496200562, 0.13933639228343964, 0.10412246733903885, 0.08452693372964859, 0.07888706028461456, 0.08293391019105911, 0.09163135290145874, 0.09911743551492691, 0.09986899048089981, 0.09180498868227005, 0.07675919681787491, 0.05912886932492256, 0.04545964300632477]

