MSE: 217.5041047978037
MAE: 14.699595232804617
EV: -0.3969026509500202 

