Loss: [0.3338872492313385, 0.2750052213668823, 0.2176000475883484, 0.17155461013317108, 0.14354975521564484, 0.14081449806690216, 0.15399913489818573, 0.1597587913274765, 0.15095995366573334, 0.1368601769208908, 0.12664112448692322, 0.12218492478132248, 0.12120053917169571, 0.12055990844964981, 0.11902391165494919, 0.11512447148561478, 0.10872311890125275, 0.10153112560510635, 0.0951724499464035, 0.0901910811662674, 0.08681847155094147, 0.08391831070184708, 0.0792899802327156, 0.07294750958681107, 0.06630171090364456, 0.06067286431789398, 0.056121647357940674, 0.051846329122781754, 0.04680025205016136, 0.041335515677928925] 
Val_loss: [0.006776429247111082, 0.005934132728725672, 0.011197169311344624, 0.025325113907456398, 0.05078724026679993, 0.07938273996114731, 0.09365621954202652, 0.08960535377264023, 0.07598476856946945, 0.06030768156051636, 0.047892674803733826, 0.039854999631643295, 0.035591524094343185, 0.03471599519252777, 0.0376126766204834, 0.04350193217396736, 0.05157636106014252, 0.06154898181557655, 0.07326950877904892, 0.08556190878152847, 0.09527253359556198, 0.10065870732069016, 0.10132985562086105, 0.09954079985618591, 0.09750572592020035, 0.09708917140960693, 0.09973177313804626, 0.10668221116065979, 0.11675748229026794, 0.12911158800125122]

