MSE: 217.5041047978037
MAE: 14.699595232804617
EV: -0.3969026509500202 

MSE: 21.397384381331985
MAE: 4.17900935086337
EV: 0.3116566191105431 

MSE: 16.519052699437484
MAE: 3.3575590396749564
EV: 0.4456520639210694 

MSE: 28.150444269902554
MAE: 4.346673751699513
EV: -1.1220024257083243 

