Loss: [0.2828064262866974, 0.23573707044124603, 0.22080469131469727, 0.21211975812911987, 0.1956319659948349, 0.17958202958106995, 0.16708716750144958, 0.1555834263563156, 0.1439363956451416, 0.13137498497962952, 0.1183893010020256, 0.10715054720640182, 0.09621905535459518, 0.08342092484235764, 0.07047784328460693, 0.06011093780398369, 0.05037114769220352, 0.04042915999889374, 0.03200128301978111, 0.025821762159466743, 0.019872339442372322, 0.016137300059199333, 0.014987333677709103, 0.014185512438416481, 0.015292146243155003, 0.016447462141513824, 0.01626332476735115, 0.01619555987417698, 0.01510422583669424, 0.012855797074735165] 
Val_loss: [0.6180341839790344, 0.49987730383872986, 0.4249769151210785, 0.3939415514469147, 0.3864947259426117, 0.38663649559020996, 0.3829314708709717, 0.3654702603816986, 0.33287861943244934, 0.29124465584754944, 0.2506175637245178, 0.22035576403141022, 0.2036292403936386, 0.19555644690990448, 0.18783526122570038, 0.17017395794391632, 0.14252690970897675, 0.10869622975587845, 0.08215916156768799, 0.06960263103246689, 0.0657099112868309, 0.05738562345504761, 0.039429400116205215, 0.02319258265197277, 0.017933832481503487, 0.02124965749680996, 0.028582265600562096, 0.029894182458519936, 0.024335406720638275, 0.02152267098426819]

