MSE: 52.93912815970763
MAE: 6.162203709284465
EV: -1.0108258436967512 

MSE: 71.08989941909047
MAE: 6.965584484013644
EV: -2.2523902049621527 

MSE: 38.47919227204111
MAE: 5.31662237233129
EV: -0.5893557645197391 

MSE: 30.471956064267268
MAE: 4.690511802147174
EV: -0.7907049900968004 

