MSE: 52.93912815970763
MAE: 6.162203709284465
EV: -1.0108258436967512 

