MSE: 39.58834330168884
MAE: 4.762394428253174
EV: 0.1036068925008834 

