MSE: 39.58834330168884
MAE: 4.762394428253174
EV: 0.1036068925008834 

MSE: 9.321656118718156
MAE: 2.412783882834695
EV: -2.9186517602024193 

MSE: 23.0693091997684
MAE: 4.067880334525273
EV: 0.2716346235007334 

MSE: 15.929053656238466
MAE: 3.3122583586594154
EV: 0.21346385791797273 

