Loss: [0.5458266735076904, 0.42959287762641907, 0.334044486284256, 0.2663631737232208, 0.2263796180486679, 0.22060798108577728, 0.2292657494544983, 0.22435756027698517, 0.19707559049129486, 0.16740544140338898, 0.14740681648254395, 0.13941572606563568, 0.1341066211462021, 0.12666812539100647, 0.11544854193925858, 0.10443516075611115, 0.09652435034513474, 0.09311927109956741, 0.08969593048095703, 0.08285319060087204, 0.07690656930208206, 0.07096829265356064, 0.06500976532697678, 0.05938845872879028, 0.05614525079727173, 0.052856121212244034, 0.049976956099271774, 0.04681135714054108, 0.04350150749087334, 0.04061499983072281] 
Val_loss: [0.6262494325637817, 0.5534420609474182, 0.4755178689956665, 0.3901459276676178, 0.2923078238964081, 0.21125809848308563, 0.1682540625333786, 0.15520654618740082, 0.1630088835954666, 0.18392176926136017, 0.20001070201396942, 0.20409269630908966, 0.19208388030529022, 0.1671554446220398, 0.1343369036912918, 0.10066834837198257, 0.07375430315732956, 0.05840699374675751, 0.05373731255531311, 0.056114282459020615, 0.06065798178315163, 0.06296127289533615, 0.0605812706053257, 0.055609267204999924, 0.049302082508802414, 0.04405371844768524, 0.040280938148498535, 0.03881934657692909, 0.03910322114825249, 0.039269134402275085]

