MSE: 10.73871669078153
MAE: 3.0256134668986
EV: 0.1681768297218117 

