Loss: [0.7234306931495667, 0.5428860187530518, 0.4471166431903839, 0.3845975995063782, 0.32984524965286255, 0.28354066610336304, 0.24130305647850037, 0.20696260035037994, 0.17772753536701202, 0.15351362526416779, 0.1360958218574524, 0.12607185542583466, 0.12417802959680557, 0.12720918655395508, 0.12986598908901215, 0.1289478838443756, 0.12337649613618851, 0.11435219645500183, 0.10548042505979538, 0.09919192641973495, 0.09643515944480896, 0.09541485458612442, 0.09351196885108948, 0.08910562098026276, 0.08314328640699387, 0.0779898390173912, 0.07469261437654495, 0.07280408591032028, 0.07031137496232986, 0.06613672524690628] 
Val_loss: [0.6276164650917053, 0.5880768895149231, 0.5586349964141846, 0.5346684455871582, 0.5084413886070251, 0.4819587171077728, 0.4588705599308014, 0.43117037415504456, 0.39987921714782715, 0.37009143829345703, 0.34150397777557373, 0.3129520118236542, 0.2873634994029999, 0.26845958828926086, 0.2520173490047455, 0.2391112595796585, 0.23271870613098145, 0.23140068352222443, 0.23238839209079742, 0.23515276610851288, 0.23720765113830566, 0.2353745847940445, 0.2286723405122757, 0.21796570718288422, 0.20458538830280304, 0.19207338988780975, 0.1803738921880722, 0.17189383506774902, 0.16780154407024384, 0.1676224023103714]

