MSE: 73.07919518373978
MAE: 6.4506081740061445
EV: -0.06908219121387416 

