Loss: [0.4354689419269562, 0.35155031085014343, 0.2790127694606781, 0.24597837030887604, 0.2106441855430603, 0.17187708616256714, 0.13446758687496185, 0.10261132568120956, 0.07832495123147964, 0.06389328837394714, 0.05933833122253418, 0.05489256605505943, 0.047992054373025894, 0.04171355813741684, 0.03888260945677757, 0.033709824085235596, 0.028049008920788765, 0.027865512296557426, 0.02593214437365532, 0.022441843524575233, 0.022409021854400635, 0.019861703738570213, 0.018467143177986145, 0.018645353615283966, 0.016280274838209152, 0.016519086435437202, 0.014233071357011795, 0.01412583515048027, 0.011989078484475613, 0.011481604538857937] 
Val_loss: [0.2354133129119873, 0.20229828357696533, 0.1886684149503708, 0.17240285873413086, 0.15149807929992676, 0.12732799351215363, 0.10288757085800171, 0.07932690531015396, 0.059065770357847214, 0.043782178312540054, 0.03373699262738228, 0.03162696212530136, 0.03724503889679909, 0.04721105098724365, 0.049555469304323196, 0.043521273881196976, 0.03760315477848053, 0.03983645513653755, 0.05093986913561821, 0.06332004070281982, 0.06230538710951805, 0.052228230983018875, 0.04782331362366676, 0.05470137298107147, 0.05911095440387726, 0.04900696873664856, 0.03583152964711189, 0.03602590784430504, 0.040154606103897095, 0.030287614092230797]

