Loss: [0.5054922103881836, 0.1516769826412201, 0.06849296391010284, 0.08870014548301697, 0.11426668614149094, 0.09988972544670105, 0.07069268822669983, 0.049134787172079086, 0.04460308700799942, 0.050443124026060104, 0.05741070583462715, 0.05908197537064552, 0.05390247330069542, 0.04488452523946762, 0.03615164756774902, 0.030757077038288116, 0.029523693025112152, 0.030922871083021164, 0.031755849719047546, 0.030154667794704437, 0.02630770020186901, 0.0225678700953722, 0.02066589891910553, 0.020437313243746758, 0.020206337794661522, 0.01882927305996418, 0.01596098393201828, 0.013251283206045628, 0.012336146086454391, 0.012406394816935062] 
Val_loss: [0.00853931438177824, 0.002897959901019931, 0.019921278581023216, 0.030957698822021484, 0.027263512834906578, 0.018720105290412903, 0.010158845223486423, 0.0041505200788378716, 0.001586266211234033, 0.0009792797500267625, 0.0010308449855074286, 0.0010304813040420413, 0.0008504198049195111, 0.000770103360991925, 0.0009715263149701059, 0.0014535937225446105, 0.0019456050358712673, 0.0021819097455590963, 0.0019964578095823526, 0.0015349044697359204, 0.0012048556236550212, 0.0012936736457049847, 0.0018877683905884624, 0.002797383815050125, 0.0036640700418502092, 0.004307861439883709, 0.004753664135932922, 0.005155171733349562, 0.005864230450242758, 0.007101180497556925]

