MSE: 21.638317960234872
MAE: 3.8902204831441245
EV: -0.14583076457822397 

MSE: 22.828967851720872
MAE: 3.8955472165888008
EV: 0.006754006043895866 

MSE: 39.73568913591605
MAE: 5.018136682181523
EV: -0.5639691250413343 

MSE: 40.48179702880008
MAE: 5.753643266085921
EV: -0.24771244085882538 

