MSE: 21.638317960234872
MAE: 3.8902204831441245
EV: -0.14583076457822397 

