Loss: [1.041105031967163, 0.844984769821167, 0.7251560688018799, 0.6305955052375793, 0.554747998714447, 0.5054800510406494, 0.4563176929950714, 0.4013778865337372, 0.34327343106269836, 0.2819499671459198, 0.22119522094726562, 0.16535842418670654, 0.126535102725029, 0.11654055118560791, 0.1335650086402893, 0.14756855368614197, 0.13871951401233673, 0.11502620577812195, 0.09674298763275146, 0.0974995419383049, 0.10572409629821777, 0.10428101569414139, 0.09075390547513962, 0.07592400163412094, 0.07180500775575638, 0.0755811259150505, 0.07414929568767548, 0.06564704328775406, 0.05797399580478668, 0.05664781108498573] 
Val_loss: [0.8700591921806335, 0.7862865924835205, 0.723447859287262, 0.6681986451148987, 0.6381606459617615, 0.6091098785400391, 0.5713891386985779, 0.5240273475646973, 0.4676549732685089, 0.4039706289768219, 0.3308933973312378, 0.24978025257587433, 0.16728989779949188, 0.09802430123090744, 0.06251078844070435, 0.049821868538856506, 0.056582216173410416, 0.07834479957818985, 0.11055350303649902, 0.13268576562404633, 0.13269881904125214, 0.109097920358181, 0.07309436053037643, 0.04333550110459328, 0.029027989134192467, 0.021540498360991478, 0.018852410838007927, 0.018548106774687767, 0.019959330558776855, 0.020726561546325684]

