MSE: 12.774643838447746
MAE: 3.082280953725179
EV: -0.09835614806968218 

MSE: 16.136959858912054
MAE: 3.325685501098633
EV: 0.2518128146811154 

MSE: 16.86571488430199
MAE: 3.250651556870033
EV: -0.7548863067155014 

MSE: 9.465151931120717
MAE: 2.6042191406776167
EV: -0.38528330110403375 

