MSE: 12.774643838447746
MAE: 3.082280953725179
EV: -0.09835614806968218 

