MSE: 93.11487570513395
MAE: 9.339592436949411
EV: 0.6281964957803389 

