MSE: 93.11487570513395
MAE: 9.339592436949411
EV: 0.6281964957803389 

MSE: 51.70260305068079
MAE: 6.2367095730521465
EV: -0.22403163225694356 

MSE: 10.761223692941838
MAE: 2.713640541865908
EV: 0.5227735921965937 

MSE: 39.84633313911409
MAE: 5.473388256697819
EV: -1.258725572276295 

