Loss: [0.8803809881210327, 0.6630758047103882, 0.5354671478271484, 0.46900102496147156, 0.4277399778366089, 0.39157626032829285, 0.3549081087112427, 0.3197498619556427, 0.28625667095184326, 0.25431814789772034, 0.2248009592294693, 0.19697529077529907, 0.17266131937503815, 0.15226198732852936, 0.13809163868427277, 0.1309831589460373, 0.13110136985778809, 0.13718028366565704, 0.14411944150924683, 0.14708048105239868, 0.14460410177707672, 0.13733310997486115, 0.12763148546218872, 0.11808376014232635, 0.11040206253528595, 0.10517138987779617, 0.10200624912977219, 0.10011816024780273, 0.09891749173402786, 0.09767808765172958] 
Val_loss: [0.7109832763671875, 0.6294499635696411, 0.578682005405426, 0.5492247343063354, 0.5261116623878479, 0.5074344873428345, 0.488157719373703, 0.46660295128822327, 0.44096502661705017, 0.41441985964775085, 0.38253891468048096, 0.3476422131061554, 0.3136295974254608, 0.28043606877326965, 0.24797755479812622, 0.2178283929824829, 0.19127106666564941, 0.1712624579668045, 0.15864326059818268, 0.15277011692523956, 0.15265679359436035, 0.157308429479599, 0.16505968570709229, 0.17376281321048737, 0.18230967223644257, 0.18967808783054352, 0.1952255517244339, 0.19857816398143768, 0.19925133883953094, 0.19741438329219818]

