MSE: 15.700125225404767
MAE: 3.2501099904378257
EV: 0.08993037725726005 

