Loss: [0.6783490777015686, 0.5512122511863708, 0.41392505168914795, 0.279220312833786, 0.16205473244190216, 0.0758090689778328, 0.020378125831484795, 0.005379399284720421, 0.037412017583847046, 0.07268667966127396, 0.07143299281597137, 0.04728175327181816, 0.02212425321340561, 0.0073778061196208, 0.00440160371363163, 0.008919733576476574, 0.015799202024936676, 0.021382050588726997, 0.0240688044577837, 0.023552538827061653, 0.020350541919469833, 0.015481967478990555, 0.010131185874342918, 0.005555448122322559, 0.0028322746511548758, 0.002456875052303076, 0.004120807629078627, 0.006721191108226776, 0.008824990130960941, 0.009382728487253189] 
Val_loss: [0.5310948491096497, 0.4501776695251465, 0.3554110527038574, 0.26335883140563965, 0.1801108866930008, 0.1095919981598854, 0.055166613310575485, 0.02392205037176609, 0.01631644181907177, 0.01694977842271328, 0.022807948291301727, 0.036232370883226395, 0.05574823543429375, 0.07756588608026505, 0.0984092578291893, 0.11554256826639175, 0.12665033340454102, 0.13236074149608612, 0.13326074182987213, 0.1300984025001526, 0.12377887219190598, 0.11487263441085815, 0.10436943173408508, 0.09319815784692764, 0.0829722210764885, 0.07454239577054977, 0.06863634288311005, 0.06546885520219803, 0.06508640199899673, 0.06732606142759323]

