MSE: 15.700125225404767
MAE: 3.2501099904378257
EV: 0.08993037725726005 

MSE: 50.74271862901448
MAE: 6.777027563615278
EV: -10.149637124451715 

MSE: 47.83531960035352
MAE: 5.8974137470639985
EV: -2.345560133045824 

MSE: 29.493357780145217
MAE: 4.393982147348338
EV: -1.912904381741138 

