Loss: [0.18536576628684998, 0.11203601956367493, 0.09695962071418762, 0.0921674445271492, 0.08533405512571335, 0.0745561495423317, 0.06521303951740265, 0.05973466858267784, 0.05599434673786163, 0.05204065889120102, 0.04673651605844498, 0.040947701781988144, 0.03651491180062294, 0.03386068344116211, 0.0301947221159935, 0.026484660804271698, 0.0242820605635643, 0.022562069818377495, 0.020976083353161812, 0.019210021942853928, 0.018127214163541794, 0.01744203455746174, 0.016489209607243538, 0.015278685837984085, 0.014541908167302608, 0.01396967377513647, 0.012879345566034317, 0.011589432135224342, 0.01066946517676115, 0.009725191630423069] 
Val_loss: [0.008207322098314762, 0.033982183784246445, 0.06260355561971664, 0.08090817928314209, 0.0873580202460289, 0.0853906199336052, 0.08270484209060669, 0.08485458046197891, 0.09373962879180908, 0.10879836231470108, 0.1307109147310257, 0.15754254162311554, 0.18405772745609283, 0.200514018535614, 0.20626111328601837, 0.2108343243598938, 0.21763581037521362, 0.2316819280385971, 0.2545279562473297, 0.28140828013420105, 0.3034915626049042, 0.3149779736995697, 0.3133014440536499, 0.3038940131664276, 0.295155793428421, 0.2912769615650177, 0.28933966159820557, 0.28557971119880676, 0.2724224030971527, 0.24970541894435883]

