MSE: 82.96463522121218
MAE: 7.467371890942256
EV: 0.04575730566177938 

