Loss: [0.41741934418678284, 0.23424234986305237, 0.1257220059633255, 0.05797997862100601, 0.025905298069119453, 0.026722006499767303, 0.03946967050433159, 0.037905797362327576, 0.023905932903289795, 0.011540642939507961, 0.009447469376027584, 0.014806740917265415, 0.01922978274524212, 0.017941979691386223, 0.012392745353281498, 0.006830776110291481, 0.004826358985155821, 0.006670570466667414, 0.008638075552880764, 0.008544066920876503, 0.006447229068726301, 0.004311532247811556, 0.0036590909585356712, 0.004440870601683855, 0.005384351592510939, 0.0054024443961679935, 0.004434334114193916, 0.0032934213522821665, 0.0028793702367693186, 0.003281713230535388] 
Val_loss: [0.001533474656753242, 0.00450304988771677, 0.015952883288264275, 0.03591783717274666, 0.060752224177122116, 0.07775473594665527, 0.08188468962907791, 0.07302474975585938, 0.05779432877898216, 0.04072929918766022, 0.027966925874352455, 0.021712183952331543, 0.020616555586457253, 0.023142365738749504, 0.027874315157532692, 0.0339677594602108, 0.039861708879470825, 0.043154746294021606, 0.04296625778079033, 0.03941166028380394, 0.03384540602564812, 0.028418002650141716, 0.024435264989733696, 0.022352978587150574, 0.02206633985042572, 0.02344001643359661, 0.02614973671734333, 0.029506778344511986, 0.03278903290629387, 0.034917332231998444]

