MSE: 43.21597358278708
MAE: 5.534056981404622
EV: -0.280122284310802 

