Loss: [0.45501288771629333, 0.051810409873723984, 0.08851415663957596, 0.13728107511997223, 0.13555073738098145, 0.10743200778961182, 0.07238254696130753, 0.04438295587897301, 0.03145289793610573, 0.03355773538351059, 0.042368676513433456, 0.049249157309532166, 0.050491925328969955, 0.04610874876379967, 0.03910847008228302, 0.033180393278598785, 0.030431419610977173, 0.030769245699048042, 0.032275401055812836, 0.03325745090842247, 0.03251161798834801, 0.030473625287413597, 0.02770385332405567, 0.025316040962934494, 0.024008089676499367, 0.023738237097859383, 0.0240253284573555, 0.02416297048330307, 0.023723838850855827, 0.022476650774478912] 
Val_loss: [0.029723316431045532, 0.09249023348093033, 0.14690853655338287, 0.16862042248249054, 0.170259490609169, 0.15623721480369568, 0.13387399911880493, 0.11474154144525528, 0.09843522310256958, 0.08753550052642822, 0.08225715905427933, 0.08277047425508499, 0.08850282430648804, 0.09791350364685059, 0.10949962586164474, 0.12223890423774719, 0.13368916511535645, 0.14019306004047394, 0.14147727191448212, 0.137495219707489, 0.12908673286437988, 0.11864704638719559, 0.10724964737892151, 0.09630415588617325, 0.08810710161924362, 0.08202042430639267, 0.07818404585123062, 0.07681860774755478, 0.07764117419719696, 0.08070998638868332]

