MSE: 92.08694775658948
MAE: 8.525804529587427
EV: -0.28662141994438484 

