MSE: 86.92056841935316
MAE: 9.122087796529135
EV: 0.1100601635758236 

