Loss: [0.3332861661911011, 0.1859084665775299, 0.09895016998052597, 0.0687752515077591, 0.07204082608222961, 0.08681506663560867, 0.08959054201841354, 0.07892007380723953, 0.066372811794281, 0.05980532988905907, 0.05945134162902832, 0.0614674910902977, 0.06313717365264893, 0.06327953189611435, 0.06148805469274521, 0.05866216495633125, 0.05571087822318077, 0.05356329679489136, 0.05284710228443146, 0.052925825119018555, 0.052657973021268845, 0.051598403602838516, 0.04984257370233536, 0.048146605491638184, 0.04685668647289276, 0.04585560783743858, 0.04492856562137604, 0.04372388496994972, 0.04239998757839203, 0.04086906835436821] 
Val_loss: [0.10054989904165268, 0.06427857279777527, 0.035273950546979904, 0.01536212395876646, 0.006992533802986145, 0.004954077769070864, 0.0058164712972939014, 0.008383556269109249, 0.012070358730852604, 0.01612641103565693, 0.019520660862326622, 0.021175289526581764, 0.021357201039791107, 0.020208919420838356, 0.018091505393385887, 0.015549320727586746, 0.012910787016153336, 0.010578252375125885, 0.008821525610983372, 0.007927614264190197, 0.007789212744683027, 0.008316606283187866, 0.009290093556046486, 0.010338996537029743, 0.011195541359484196, 0.011544124223291874, 0.011374433524906635, 0.010754288174211979, 0.009748175740242004, 0.008638997562229633]

