MSE: 86.92056841935316
MAE: 9.122087796529135
EV: 0.1100601635758236 

MSE: 55.28725522510519
MAE: 6.781056707555598
EV: 0.38243576691040426 

MSE: 97.84634601557505
MAE: 9.024894755462121
EV: 0.34394615378998694 

MSE: 92.31599426942378
MAE: 8.870669993860968
EV: 0.11711628623733883 

