Loss: [0.33738410472869873, 0.2574862837791443, 0.2159757763147354, 0.20088781416416168, 0.19302771985530853, 0.18538798391819, 0.17449520528316498, 0.16312886774539948, 0.15504871308803558, 0.14932774007320404, 0.14512914419174194, 0.14024056494235992, 0.13255208730697632, 0.12393569946289062, 0.11654002219438553, 0.11074945330619812, 0.10546102374792099, 0.0985410213470459, 0.09327450394630432, 0.09021693468093872, 0.08577907830476761, 0.08176025748252869, 0.07901985943317413, 0.0755951926112175, 0.07197410613298416, 0.0700477585196495, 0.06643649190664291, 0.06323631852865219, 0.05998864024877548, 0.05540665611624718] 
Val_loss: [0.11220788955688477, 0.08126241713762283, 0.05694635584950447, 0.04051877185702324, 0.029678761959075928, 0.024732744321227074, 0.023386580869555473, 0.024505706503987312, 0.026233086362481117, 0.027770569548010826, 0.02760889194905758, 0.025174031034111977, 0.021024664863944054, 0.015957722440361977, 0.012117487378418446, 0.010217784903943539, 0.010790648870170116, 0.012329615652561188, 0.013485148549079895, 0.01264121662825346, 0.010143400169909, 0.008522441610693932, 0.007999899797141552, 0.008813121356070042, 0.008753504604101181, 0.007076602894812822, 0.0048070368357002735, 0.003901112824678421, 0.006439685821533203, 0.0115859629586339]

