MSE: 44.44953091182305
MAE: 5.192339196801186
EV: 0.2573025698296938 

