MSE: 117.0546676990103
MAE: 9.6077827612559
EV: -0.023085262059467926 

MSE: 30.244214112089935
MAE: 4.555758741768924
EV: -0.38776556816791685 

MSE: 51.86073323756119
MAE: 6.392721418676706
EV: -0.6926294748293729 

MSE: 67.99549134768566
MAE: 7.353583097457886
EV: -1.123207534330585 

