Loss: [0.3918032646179199, 0.25518953800201416, 0.1684354692697525, 0.11150645464658737, 0.07582184672355652, 0.06989728659391403, 0.08988384902477264, 0.10483015328645706, 0.10049161314964294, 0.08642931282520294, 0.07230409979820251, 0.06307092308998108, 0.05961481109261513, 0.06078765541315079, 0.06390068680047989, 0.06682346016168594, 0.06827142834663391, 0.06768063455820084, 0.0652075782418251, 0.06133129447698593, 0.05675341933965683, 0.052678752690553665, 0.04997982829809189, 0.04909348487854004, 0.04967356100678444, 0.050687097012996674, 0.05108964070677757, 0.04997042566537857, 0.04751617833971977, 0.04484982788562775] 
Val_loss: [0.14035017788410187, 0.10877440124750137, 0.08403507620096207, 0.06329748034477234, 0.052941497415304184, 0.05280224606394768, 0.05679053068161011, 0.059070248156785965, 0.057665955275297165, 0.0575985461473465, 0.05856838822364807, 0.061106204986572266, 0.06422660499811172, 0.06754309684038162, 0.0700826421380043, 0.07152452319860458, 0.07171941548585892, 0.07057548314332962, 0.06844637542963028, 0.0657501071691513, 0.06296804547309875, 0.06066153943538666, 0.05904039368033409, 0.057752400636672974, 0.05708765983581543, 0.056751418858766556, 0.05658000707626343, 0.05648651346564293, 0.05653144419193268, 0.056814562529325485]

