MSE: 117.0546676990103
MAE: 9.6077827612559
EV: -0.023085262059467926 

