MSE: 175.99269179050052
MAE: 12.354244659344355
EV: 0.05531425824945824 

