Loss: [0.10998275876045227, 0.06350450217723846, 0.07779503613710403, 0.06550846248865128, 0.05610454082489014, 0.05592777580022812, 0.057694219052791595, 0.055126551538705826, 0.05063293129205704, 0.046866532415151596, 0.044816672801971436, 0.043332621455192566, 0.04109654203057289, 0.0384097658097744, 0.035615064203739166, 0.03356870263814926, 0.03186510130763054, 0.02937122993171215, 0.02623484842479229, 0.023295579478144646, 0.020717231556773186, 0.01825631409883499, 0.015624060295522213, 0.013206977397203445, 0.011120319366455078, 0.00912786740809679, 0.007518905680626631, 0.006432655733078718, 0.00545731745660305, 0.004649300593882799] 
Val_loss: [0.13833904266357422, 0.0982990637421608, 0.10936296731233597, 0.13887542486190796, 0.16613049805164337, 0.17908281087875366, 0.17979617416858673, 0.17207610607147217, 0.15982775390148163, 0.1470826417207718, 0.13695567846298218, 0.13171227276325226, 0.13370227813720703, 0.14051587879657745, 0.1466333419084549, 0.1490710824728012, 0.14762289822101593, 0.14309372007846832, 0.1365341693162918, 0.13039499521255493, 0.12602649629116058, 0.1241263747215271, 0.12344709783792496, 0.12240251898765564, 0.11938831955194473, 0.11211975663900375, 0.10456142574548721, 0.09893106669187546, 0.09544379264116287, 0.09367676824331284]

